0.066 0.012 0.085 0.054 0.031 0.13  0.025 0.032 0.053 0.06  0.013 0.064 0.082 0.032 0.044 0.075 0.061 0.044 0.011 0.028

0.064 0.01  0.103 0.05  0.025 0.156 0.025 0.023 0.048 0.048 0.011 0.06  0.103 0.03  0.04  0.074 0.065 0.036 0.009 0.021 
 0.056 0.012 0.092 0.049 0.018 0.137 0.039 0.021 0.049 0.04  0.011 0.05  0.136 0.032 0.045 0.085 0.067 0.031 0.01  0.019 
 0.062 0.011 0.073 0.055 0.036 0.154 0.024 0.038 0.053 0.06  0.013 0.057 0.08  0.028 0.041 0.07  0.056 0.045 0.013 0.03  
 0.056 0.009 0.085 0.057 0.026 0.144 0.028 0.033 0.063 0.05  0.01  0.075 0.081 0.028 0.048 0.061 0.062 0.045 0.012 0.027 
 0.055 0.007 0.108 0.052 0.023 0.117 0.023 0.021 0.052 0.038 0.01  0.066 0.127 0.034 0.042 0.095 0.066 0.033 0.008 0.022 
 0.077 0.012 0.07  0.061 0.037 0.094 0.026 0.045 0.064 0.069 0.016 0.054 0.045 0.034 0.05  0.072 0.062 0.062 0.014 0.035 
 0.058 0.015 0.07  0.047 0.032 0.136 0.028 0.03  0.042 0.057 0.013 0.054 0.121 0.035 0.045 0.079 0.057 0.039 0.014 0.027 
 0.054 0.009 0.111 0.057 0.02  0.101 0.022 0.02  0.061 0.029 0.008 0.068 0.158 0.029 0.041 0.084 0.073 0.03  0.005 0.02  
 0.052 0.009 0.097 0.064 0.025 0.132 0.019 0.032 0.056 0.053 0.012 0.073 0.093 0.029 0.039 0.067 0.062 0.045 0.009 0.031 
 0.046 0.008 0.096 0.056 0.023 0.123 0.022 0.018 0.056 0.037 0.009 0.062 0.16  0.03  0.039 0.092 0.072 0.028 0.006 0.018 
 0.053 0.01  0.092 0.057 0.026 0.13  0.023 0.017 0.053 0.041 0.014 0.068 0.136 0.025 0.039 0.076 0.079 0.031 0.005 0.024 
 0.063 0.012 0.071 0.047 0.029 0.145 0.021 0.037 0.052 0.061 0.011 0.068 0.087 0.034 0.04  0.073 0.057 0.049 0.013 0.03  
 0.071 0.009 0.092 0.07  0.037 0.116 0.024 0.032 0.046 0.064 0.012 0.063 0.063 0.034 0.043 0.07  0.056 0.051 0.013 0.033 
 0.064 0.011 0.078 0.046 0.029 0.145 0.024 0.03  0.05  0.059 0.013 0.062 0.107 0.036 0.039 0.068 0.058 0.041 0.012 0.028 
 0.058 0.011 0.086 0.055 0.036 0.133 0.022 0.033 0.048 0.058 0.012 0.058 0.103 0.032 0.046 0.07  0.06  0.039 0.012 0.029 
 0.064 0.013 0.085 0.05  0.03  0.139 0.024 0.028 0.051 0.057 0.012 0.065 0.078 0.033 0.044 0.085 0.062 0.038 0.013 0.028 
 0.066 0.011 0.091 0.054 0.029 0.135 0.024 0.028 0.049 0.053 0.01  0.059 0.103 0.03  0.041 0.079 0.065 0.036 0.012 0.025 
 0.059 0.008 0.101 0.057 0.024 0.105 0.023 0.022 0.06  0.043 0.01  0.062 0.147 0.03  0.042 0.081 0.068 0.032 0.009 0.018 
 0.046 0.013 0.097 0.056 0.027 0.126 0.024 0.023 0.052 0.039 0.012 0.073 0.107 0.039 0.046 0.088 0.067 0.026 0.014 0.027 
 0.056 0.011 0.092 0.049 0.025 0.12  0.023 0.026 0.049 0.038 0.009 0.064 0.133 0.035 0.045 0.083 0.066 0.034 0.013 0.028
