0.066 0.013 0.083 0.056 0.03  0.121 0.027 0.032 0.054 0.059 0.011 0.062 0.086 0.032 0.042 0.079 0.065 0.045 0.011 0.026

0.07  0.011 0.096 0.052 0.022 0.153 0.027 0.025 0.051 0.051 0.006 0.056 0.107 0.03  0.04  0.077 0.057 0.032 0.012 0.025 
 0.059 0.011 0.076 0.053 0.027 0.14  0.042 0.017 0.057 0.034 0.011 0.061 0.152 0.027 0.044 0.074 0.057 0.034 0.011 0.013 
 0.065 0.013 0.072 0.057 0.038 0.133 0.024 0.035 0.052 0.062 0.014 0.055 0.098 0.022 0.042 0.07  0.055 0.045 0.017 0.033 
 0.065 0.012 0.084 0.059 0.023 0.138 0.028 0.029 0.069 0.05  0.007 0.068 0.074 0.028 0.042 0.064 0.073 0.055 0.007 0.025 
 0.069 0.006 0.107 0.051 0.022 0.117 0.021 0.017 0.05  0.039 0.011 0.061 0.121 0.03  0.051 0.104 0.073 0.028 0.005 0.018 
 0.072 0.01  0.061 0.073 0.034 0.082 0.033 0.046 0.065 0.076 0.015 0.051 0.046 0.035 0.041 0.082 0.074 0.06  0.01  0.032 
 0.06  0.015 0.064 0.036 0.039 0.137 0.027 0.032 0.043 0.05  0.009 0.057 0.121 0.037 0.048 0.076 0.063 0.045 0.021 0.02  
 0.057 0.012 0.111 0.049 0.02  0.096 0.024 0.02  0.052 0.03  0.008 0.076 0.157 0.026 0.037 0.09  0.081 0.031 0.006 0.018 
 0.048 0.007 0.083 0.065 0.031 0.114 0.022 0.035 0.062 0.056 0.012 0.066 0.093 0.025 0.044 0.079 0.07  0.049 0.011 0.029 
 0.045 0.007 0.093 0.063 0.02  0.116 0.02  0.022 0.065 0.03  0.009 0.061 0.155 0.037 0.043 0.095 0.072 0.024 0.005 0.017 
 0.05  0.01  0.115 0.077 0.041 0.106 0.012 0.014 0.036 0.036 0.014 0.06  0.13  0.024 0.036 0.079 0.096 0.05  0.    0.012 
 0.067 0.01  0.082 0.045 0.026 0.111 0.02  0.03  0.058 0.061 0.015 0.067 0.106 0.031 0.038 0.069 0.068 0.054 0.016 0.025 
 0.064 0.01  0.087 0.079 0.036 0.12  0.025 0.035 0.046 0.065 0.011 0.067 0.061 0.036 0.045 0.069 0.054 0.053 0.008 0.029 
 0.067 0.009 0.074 0.046 0.026 0.121 0.031 0.04  0.051 0.058 0.006 0.058 0.106 0.039 0.044 0.074 0.068 0.048 0.012 0.025 
 0.059 0.011 0.078 0.058 0.032 0.125 0.029 0.032 0.046 0.055 0.01  0.054 0.103 0.033 0.043 0.078 0.07  0.038 0.016 0.029 
 0.064 0.012 0.08  0.051 0.031 0.142 0.028 0.031 0.049 0.053 0.01  0.063 0.082 0.035 0.041 0.088 0.058 0.042 0.01  0.029 
 0.066 0.008 0.089 0.046 0.031 0.157 0.029 0.025 0.046 0.053 0.007 0.05  0.099 0.035 0.043 0.085 0.067 0.031 0.007 0.026 
 0.055 0.009 0.094 0.055 0.019 0.108 0.03  0.017 0.065 0.046 0.007 0.055 0.151 0.028 0.042 0.094 0.073 0.029 0.007 0.017 
 0.037 0.006 0.112 0.069 0.02  0.121 0.029 0.012 0.052 0.049 0.012 0.078 0.098 0.04  0.04  0.101 0.069 0.032 0.014 0.009 
 0.045 0.017 0.093 0.056 0.028 0.149 0.028 0.028 0.05  0.034 0.01  0.055 0.112 0.042 0.045 0.073 0.071 0.03  0.008 0.024
