0.061 0.013 0.104 0.045 0.026 0.187 0.022 0.03  0.043 0.053 0.013 0.085 0.06  0.027 0.039 0.071 0.051 0.037 0.008 0.023

0.045 0.011 0.165 0.033 0.018 0.173 0.03  0.012 0.037 0.035 0.008 0.061 0.094 0.028 0.042 0.088 0.087 0.021 0.003 0.009 
 0.053 0.027 0.164 0.031 0.009 0.137 0.049 0.013 0.049 0.018 0.004 0.053 0.106 0.013 0.035 0.111 0.08  0.027 0.009 0.013 
 0.035 0.012 0.094 0.03  0.016 0.382 0.02  0.024 0.033 0.025 0.008 0.085 0.029 0.023 0.025 0.059 0.039 0.032 0.006 0.02  
 0.035 0.016 0.1   0.046 0.015 0.27  0.028 0.008 0.051 0.025 0.002 0.102 0.056 0.017 0.051 0.074 0.047 0.024 0.01  0.023 
 0.042 0.007 0.176 0.024 0.005 0.113 0.028 0.016 0.042 0.028 0.003 0.085 0.158 0.026 0.033 0.13  0.045 0.017 0.007 0.014 
 0.069 0.011 0.127 0.056 0.03  0.148 0.017 0.042 0.047 0.044 0.015 0.083 0.036 0.015 0.042 0.084 0.049 0.047 0.009 0.026 
 0.051 0.033 0.121 0.033 0.031 0.203 0.033 0.021 0.018 0.033 0.01  0.072 0.075 0.023 0.041 0.075 0.046 0.036 0.013 0.031 
 0.028 0.01  0.147 0.05  0.013 0.097 0.016 0.01  0.046 0.013 0.009 0.072 0.193 0.031 0.049 0.097 0.083 0.018 0.003 0.013 
 0.038 0.01  0.153 0.049 0.014 0.219 0.021 0.015 0.035 0.035 0.014 0.096 0.071 0.013 0.03  0.066 0.053 0.03  0.009 0.029 
 0.034 0.008 0.122 0.038 0.014 0.113 0.018 0.012 0.038 0.017 0.005 0.08  0.177 0.022 0.032 0.144 0.105 0.014 0.001 0.007 
 0.032 0.011 0.113 0.039 0.018 0.163 0.025 0.004 0.035 0.018 0.011 0.078 0.12  0.018 0.035 0.106 0.138 0.014 0.004 0.021 
 0.027 0.011 0.079 0.036 0.014 0.387 0.017 0.015 0.031 0.027 0.007 0.114 0.039 0.017 0.029 0.066 0.037 0.029 0.005 0.015 
 0.089 0.02  0.107 0.051 0.028 0.197 0.017 0.008 0.025 0.039 0.009 0.076 0.037 0.042 0.047 0.068 0.07  0.031 0.017 0.022 
 0.037 0.013 0.102 0.045 0.017 0.226 0.026 0.024 0.028 0.041 0.011 0.095 0.076 0.035 0.033 0.078 0.063 0.019 0.013 0.019 
 0.038 0.01  0.122 0.041 0.024 0.207 0.026 0.024 0.041 0.054 0.007 0.067 0.084 0.02  0.047 0.088 0.051 0.024 0.011 0.014 
 0.05  0.015 0.118 0.035 0.021 0.188 0.027 0.021 0.047 0.055 0.013 0.075 0.057 0.032 0.034 0.098 0.064 0.026 0.006 0.017 
 0.056 0.018 0.146 0.042 0.024 0.108 0.018 0.017 0.048 0.032 0.008 0.078 0.089 0.029 0.048 0.105 0.086 0.021 0.006 0.021 
 0.041 0.01  0.146 0.05  0.018 0.105 0.022 0.017 0.046 0.022 0.009 0.066 0.18  0.02  0.041 0.097 0.084 0.018 0.004 0.004 
 0.042 0.018 0.108 0.036 0.03  0.15  0.012 0.018 0.042 0.012 0.012 0.096 0.114 0.042 0.03  0.108 0.072 0.024 0.    0.036 
 0.05  0.006 0.144 0.035 0.015 0.163 0.019 0.017 0.038 0.038 0.    0.071 0.144 0.029 0.025 0.088 0.075 0.015 0.015 0.015
